2330
2317
6505
2412
2454
1301
3008
1303
2882
1326
2881
2891
2886
1216
3045
2002
2308
3711
2207
2912
2884
2892
5880
2880
4904
2382
2885
2801
1101
5876
2408
2395
2474
5871
4938
2303
2357
1402
1102
2887
2883
2890
2327
9910
3034
2105
2888
4958
9904
2379
2301
2823
1476
6669
2633
2354
2345
2409
2834
1590
2227
9921
2324
2492
8464
2356
6415
2049
3231
3481
6239
2377
2344
3037
2618
3044
2385
3702
2347
2337
1227
2603
6409
2360
2313
1434
2353
6176
2542
1504
9914
2371
2610
1722
1605
9945
3406
2449
2923
2812
2352
2915
6213
3532
2845
2615
2101
9917
1229
8454
2383
2903
2809
6269
2027
6456
3443
2448
3682
9941
5269
2059
2404
1477
1802
8046
1210
1717
6278
2439
2838
2376
2015
3533
2889
5522
2451
3706
2231
2104
2201
2634
1723
6285
1536
9933
2498
2606
2867
4915
1314
3005
2458
1736
3665
8341
3023
1319
2106
2441
1707
2548
1507
2362
3036
8150
6412
6005
2501
3189
5534
3653
2456
2849
6670
1503
9940
9938
4943
1789
2006
3673
3376
2392
2723
3019
2455
2367
2373
2707
1907
5264
6116
6414
9802
6452
5469
6271
1904
2637
8016
6214
2103
2820
3596
1232
4766
4137
1409
2855
9907
2504
2897
1710
5388
6230
2511
2608
1808
5434
2206
2905
2023
1440
1215
2312
8926
9939
8422
6153
1312
4935
1304
9908
1909
2388
1103
2520
3026
8482
3576
6202
8131
4438
5007
2609
2607
9958
4551
2393
1702
2108
6257
9925
1515
1313
2014
3017
6451
4919
3413
3035
6196
1773
6464
3016
2539
3661
8462
3010
8404
6541
9937
1234
1419
1718
2328
3042
2208
1201
9930
3563
2850
2545
2355
1104
6282
5305
2524
3030
2515
1532
1537
2428
2323
4532
2913
1218
4536
8070
1726
2851
3705
8112
1310
1305
2239
2351
8163
3049
1582
4414
3703
6579
2704
2421
2547
2836
2034
2908
5531
9911
6277
2505
9943
4968
8081
6166
1464
6206
6120
8210
8213
1905
6605
4576
3380
1110
2340
1307
6581
4142
6504
4994
2397
3022
2605
1560
8039
3090
8028
1513
1522
3006
5203
3515
3617
1444
2349
4906
2228
1315
3504
4119
5234
1308
2031
2481
2329
6191
1711
2489
6552
3704
6525
2368
6666
4564
9946
2332
9924
4927
1903
2929
1321
1558
1614
6115
3338
3698
3454
5288
4426
2597
2450
1225
1712
2338
3545
6192
2375
1604
1902
9935
2464
2401
6024
8114
3450
2706
2433
2617
2832
3708
3003
1519
5283
9926
9905
1256
2331
2536
6177
3530
2387
1231
2601
4306
1527
4104
4739
1760
1714
3014
4977
9927
8473
5607
1589
2010
2107
2841
6281
8463
6416
3033
6672
9934
2485
1203
1447
1737
1109
1609
3059
6184
2727
2029
2102
4190
2535
1608
4942
6189
8105
9918
1720
3645
4961
5243
6558
2527
2712
3056
3062
2701
2612
4164
6582
2114
1583
2477
3501
8215
6139
9942
1219
4763
1701
2614
1603
2480
1442
2012
5907
8110
5285
8499
2420
2910
2472
2538
5525
3130
3266
1338
6183
6224
4912
8480
5471
5538
2731
2402
2314
3004
6251
4764
1708
1437
2939
2466
3583
3712
6533
1521
2013
1455
1446
6668
1460
2374
2509
4572
2436
8466
6209
5533
2816
2348
2062
1730
2363
3028
4540
2459
1786
4552
4737
6288
2476
2506
2419
2852
4526
4746
6112
1451
2405
2530
3048
1457
1535
2233
2426
6108
8478
3679
2616
1626
6283
8996
6197
1525
3257
3015
4755
6531
8427
8481
2546
1598
2495
2423
6128
5215
2467
3029
2528
2109
9931
8271
4725
2115
1533
1309
2414
4989
8104
2359
1514
5225
4952
3605
5521
2030
3209
2748
1233
4566
1217
1436
2020
1339
1473
2369
3416
8442
8467
4571
4560
1612
2009
2484
2462
4555
2461
2540
2457
1734
4999
8021
3557
2493
2425
3167
6201
1323
1108
3031
6449
4108
5519
6655
1541
1810
2028
3052
3305
3038
2069
1341
4976
3622
2342
1806
2642
2430
2636
3356
4916
4557
6443
8249
2722
3032
2442
1762
1531
1530
1733
2488
2739
6141
4722
1713
1439
1417
1725
2497
2499
3055
4148
3701
6168
8411
1817
1416
6442
4155
5258
2008
3024
2537
2022
1459
3694
3437
3528
1340
1316
1452
2444
2390
4141
5608
5706
6216
3346
2906
2017
3013
2483
6155
6136
8367
3518
8261
6641
3164
1463
2007
3419
2630
6671
6235
4144
5284
8429
6477
4545
4106
1235
1618
2613
2702
8103
6142
3607
3054
1517
2399
9919
8374
2413
2427
1592
1809
1906
1568
6674
1721
2417
3312
3060
3047
2365
1615
1220
9944
9955
8497
8011
1506
3149
2543
3040
1524
6625
6205
4562
4934
4967
3535
1528
1617
1731
1735
1783
1470
3018
2901
8072
2904
2460
1540
1724
1468
1337
2453
2486
3050
4133
3591
3311
1529
1414
4930
6573
3669
1465
2936
2415
3296
3025
3021
1526
1423
2911
9906
3094
1438
1467
1472
1236
4956
1325
2305
2516
2431
2302
1727
1443
1539
1449
2038
2611
3588
6591
8222
6215
3550
9929
2440
1474
2032
3058
4720
6152
6117
6431
8033
8488
2496
2236
2358
1432
4807
3002
1454
1587
2024
1776
1456
1413
3057
6405
6226
6133
9902
1435
1445
1466
1616
3432
2468
2471
2424
1453
1441
8940
6165
3494
6243
8443
2429
2482
3229
3027
3011
1324
1805
2033
8101
8201
6164
6172
5484
3046
2491
2465
2438
3308
2243
1516
1732
2443
9912
5906
3593
6491