2330
2317
6505
2412
2454
3008
1301
1303
2882
1326
2881
2891
1216
2886
2308
3045
2002
2207
3711
2884
2912
2892
5880
2880
2408
2382
1101
2885
4904
5876
2801
2395
2303
2327
5871
4938
2474
2357
1102
1402
2887
2890
2883
9910
2105
3034
2888
4958
2379
2492
2301
9904
2823
6669
1476
2633
2409
2345
2354
1590
2049
6415
2227
2834
2324
2356
8464
3481
3231
9921
2344
6239
2377
2337
2618
3044
3702
2385
3406
1227
3037
2347
2360
2603
6409
1434
6176
2353
2542
2313
9914
1504
1605
2610
2371
1722
2923
2449
3532
9945
2812
2383
2352
2915
2615
1229
8454
2101
2845
9917
2027
5269
6213
6456
2809
2404
6269
2903
1210
2448
2439
1477
9941
2059
6278
2634
2451
3533
1802
1717
5522
3443
2889
2838
2376
2498
2015
3706
2456
2104
2201
2231
3019
8046
6285
3665
1536
9933
1723
3023
2606
3653
4915
1314
2458
1319
2867
2441
3005
2106
1707
1507
6005
8341
6271
1736
2548
6116
9938
8150
3036
2362
6230
6412
2501
2849
4943
5534
1503
6670
2392
3189
3376
2006
3673
9940
9802
1907
2723
2455
6452
2204
5469
2707
1904
2373
1789
2367
6414
3576
2637
6214
8016
2820
2504
2103
5264
2855
3596
1409
1232
1808
5434
5388
4137
2897
2312
1710
9907
1909
3026
2608
2511
2206
9939
4766
2905
1215
2023
2388
8926
1440
1103
6451
8422
1312
5007
8131
1304
6153
9908
2520
6196
4935
4438
6202
6257
8482
2393
3563
2607
2014
9958
1702
2609
2108
1313
3017
3413
3042
3016
9925
4551
3661
1773
3035
6464
8404
9937
8462
2539
1718
4919
1234
2545
3010
1515
1104
2208
2355
6491
4536
1201
3030
1419
6282
9930
2428
8163
5305
2850
1537
1532
2328
2524
2515
2421
2351
6541
2851
2505
2913
4532
3705
8070
8112
1726
2239
1582
3006
2323
1310
1218
1305
3049
3703
8081
2704
4414
2908
5531
6579
2547
2836
2034
4968
9943
9911
6166
3380
6277
6206
1513
6120
8210
8039
1464
1795
1110
6504
8213
4576
1905
2605
3450
8028
2031
2340
6605
1560
4994
2397
3504
3090
3022
1307
1315
5203
5234
6581
4906
2481
1444
4142
2349
1522
2368
3515
1321
2228
2929
3704
6191
3617
1903
2375
1308
2338
4927
6525
4119
2332
2489
6192
1711
1614
2597
6666
9924
2450
2329
2910
3338
5283
6115
9946
2433
2536
6552
5288
2401
1902
1558
1712
3454
3698
8114
3708
1604
2706
2464
3530
4426
2478
3003
2387
2331
6024
4104
1519
1225
2832
4564
4190
9905
9926
1256
2617
6177
1231
1714
4306
4739
3545
2316
3014
6139
2601
1109
3645
2841
1609
1527
9927
9935
4977
6281
6672
8473
8463
2102
3059
3056
2107
1760
2010
1589
3033
6416
1583
1737
1203
2485
6531
2419
1447
2535
6184
6558
4763
2614
1608
2029
8105
6189
4961
5243
9934
6668
5285
9918
2527
2727
6582
8215
2701
3062
1720
1442
1219
5607
3501
2731
4942
8110
2612
2114
2012
9942
5525
1701
2480
2472
2712
4164
2538
1338
2314
6533
6183
8499
5907
5471
2420
3266
8480
6224
1708
1603
3130
2466
5538
3583
4764
2477
1446
4912
6209
1437
2363
2402
8427
3712
2013
4540
4552
1521
1455
2816
6251
4737
2436
2348
1598
2509
2374
2426
1460
8996
4572
1730
3004
2459
8466
4755
5533
2939
3028
2062
6288
2233
2852
2476
1535
1457
2506
2530
4526
3679
3015
3048
5521
6112
8271
6108
2405
1451
1786
1525
6283
4746
2616
3257
6197
8478
2546
2467
1626
1339
2369
2540
8481
6128
2423
8104
2495
1436
1309
2528
2359
3605
4989
2414
3029
1533
1514
2109
3209
4952
9931
1473
1233
4725
2030
2115
1217
4560
5225
1612
2009
2020
2457
3167
5215
4566
5519
6449
2484
1108
2462
4571
4555
3622
3416
4976
8467
2748
2537
8442
4999
1734
8021
6201
2342
2493
3055
3031
6655
3518
2425
2028
1810
1323
1439
1341
2461
3305
8249
4108
2442
1806
2069
1530
3032
2642
6443
1541
1733
2636
3038
2430
6141
4916
4557
6168
8411
2739
1531
1762
2722
3052
4722
1713
1725
1459
1417
3356
2499
2497
2488
1316
4148
3701
5258
6442
2022
1817
3437
6155
2702
3054
1340
4155
3528
5706
1416
1452
2008
8261
2906
2444
2390
6216
3694
6641
3013
3346
2017
8367
6136
5608
6235
6477
1463
1618
2483
3164
3024
2630
6671
4144
4141
8429
8103
2413
2007
2399
8011
3419
9919
5284
2613
1906
1235
1517
6142
4967
3607
1410
2365
4106
8374
1809
1568
1615
2417
3047
3312
2427
6674
4545
9955
9944
8497
1592
1721
1220
3060
6205
6625
3040
2486
1528
1506
1524
1470
3535
1617
1783
1731
2543
3149
2901
1735
1529
3050
2453
2460
9906
3591
6573
3018
2904
1540
1337
1724
1468
3025
6591
8072
4562
3094
3311
1465
1414
2936
4133
3669
3021
2415
2911
1449
1236
1423
1325
1467
1526
2305
3296
4930
4956
3588
8101
2516
2302
1438
2358
2440
2038
1727
1443
1539
6215
6431
6152
8222
1474
1472
2431
2611
3057
6117
3550
4720
9929
3058
3002
2024
2032
1432
8488
4807
8033
1456
1776
2496
2236
1454
9902
1587
1435
1445
1413
6133
6405
6226
3494
1616
1441
2471
3432
6165
2468
2424
3027
1466
6243
8940
1453
2438
2482
3011
3229
8443
5906
6164
2429
1324
2033
1805
2380
8201
2243
2443
2465
5484
6172
2491
3308
3046
3593
1732
1516
9912
6698
3041
2705
3321
1709
